intrinsic:
699.6144804843492 0.0 338.5197276245938 
0.0 697.6992971440611 242.55356697052224 
0.0 0.0 1.0 
distortion:
0.25661381977931746 -0.5520973897552828 -0.005209637510186903 0.007202031519483668 -0.8562444468098405 
