intrinsic:
705.4465162042655 0.0 327.9621600563065 
0.0 703.8181951836737 248.0395181406136 
0.0 0.0 1.0 
distortion:
0.13973631593202424 0.0034357315612095723 0.005226486351152996 0.0017536175574126732 -3.548966712884166 
