intrinsic:
697.0613042738614 0.0 328.3666102794889 
0.0 694.0764878345535 250.77113189730346 
0.0 0.0 1.0 
distortion:
0.31955450434620497 -1.3481046408126605 -0.00139902323887309 0.0002236267186996806 2.2961552632962334 
