intrinsic:
698.1291745899174 0.0 334.5875918653153 
0.0 695.6851744467465 260.80279682792866 
0.0 0.0 1.0 
distortion:
0.20666052592068399 0.1369224422161506 0.004339423588959848 0.0023492714230510144 -4.8743104866266584 
