intrinsic:
705.9168809165142 0.0 329.5360322055486 
0.0 704.3657281998414 245.63766680256444 
0.0 0.0 1.0 
distortion:
0.43231131093062025 -4.271227297633953 0.0020985596947022756 0.0013212305807472399 15.13483998127416 
