intrinsic:
713.4643429857165 0.0 331.75876072769125 
0.0 710.441021440001 242.2423372384062 
0.0 0.0 1.0 
distortion:
0.24404227518854238 -0.9433354112093684 -0.0002827287048654208 0.0029182571590078785 0.9744681689578155 
